登記案號,序號,分事務所地址,網站連結
078法登000016,1,彰化縣彰化市掛山路二號,https://aomp109.judicial.gov.tw/judbp/whd6k/q/UsYlSrAsKuv234Q_61deOVsUd-e4TXzq4dN-IwBCyKgHeIrOqOLwKQ==
